ABBY 49.072141046 -122.197802579 195.2803939
ABOT 49.029436497 -122.266569808 -4.0091647
AGNS 42.552764850 -124.059113708 51.3683661
AL2H 48.389780311 -123.487471726 31.7503964
ALB4 48.389739572 -123.487687455 30.8906367
ALBH 48.389781422 -123.487470112 31.7682625
ARLI 48.174067086 -122.141859552 23.2862091
ASBU 43.820565070 -121.368506504 1508.8651969
ASHL 42.180690735 -122.670169066 608.7265364
BAMF 48.835329253 -125.135104681 10.7466224
BBAY 48.899077027 -122.769470373 -8.2125175
BCAB 49.052173767 -122.329538238 72.7033674
BCBU 49.251391241 -123.000194127 13.0048882
BCCH 49.146579810 -122.002575492 -0.4647045
BCCO 49.689621965 -125.000777096 11.5050680
BCCQ 49.278590918 -122.791120322 14.1472795
BCCR 50.024402417 -125.243965425 -0.6435613
BCCY 49.700070964 -124.983690046 -0.9364562
BCDN 48.777115443 -123.685425944 -4.4846586
BCDT 49.032204182 -123.069251229 -7.4407816
BCES 48.429263274 -123.428708746 21.1492085
BCHO 49.378679823 -121.440679267 33.4268012
BCLC 49.103818832 -122.657374447 3.6394913
BCLG 48.442929276 -123.522605681 60.5028453
BCLI 49.115116798 -123.147133716 -4.9187048
BCMR 49.221155426 -122.538536069 73.4952822
BCNA 49.183930621 -123.953243935 44.3573061
BCNS 48.648497088 -123.450994390 3.6470122
BCOV 50.544281094 -126.842642383 37.3201896
BCPH 50.685563288 -127.375351894 1.3502759
BCSC 49.472228362 -123.763077966 6.1581237
BCSF 49.192086774 -122.860086739 83.4640522
BCSM 48.559486874 -123.799529645 932.6879840
BCSQ 49.699211167 -123.154021767 -5.9103790
BCTS 49.006042863 -123.082771295 46.9367748
BCUT 40.828498572 -124.082613098 -19.6093500
BCVC 49.275764217 -123.089345660 11.1812467
BCVI 48.480710873 -123.391567814 15.1433341
BCWS 50.131309024 -122.954620921 639.1044227
BELI 48.755268613 -122.478972536 10.6557231
BEND 44.057158802 -121.315186318 1095.8507321
BFIR 47.617421728 -122.125498990 121.6831727
BILS 47.539344489 -124.252526591 38.3527087
BLNP 44.245787259 -121.849796907 1521.7689936
BLVU 47.599206791 -122.183214772 -8.2898841
BLY1 42.406844845 -121.049065135 1313.4288037
BLYN 48.016057607 -122.927540217 613.3493080
BNDM 44.089394531 -121.307539282 1070.3104232
BPEB 50.156701639 -127.771748133 710.9093868
BRN3 49.269892337 -123.015578633 32.5817899
BRNB 49.275055522 -123.021820955 23.1199563
BRSP 45.401553140 -121.708505973 2061.2819366
BSUM 47.554243424 -122.132300467 336.2981138
BTON 45.485806564 -122.797395021 46.7604861
C046 48.990597247 -125.458857388 156.5570359
CABL 42.836098771 -124.563345701 37.8300383
CACC 41.745598577 -124.184301057 -21.9578071
CACR 40.309618986 -121.229106695 1364.4929216
CAEU 40.804995004 -124.136108386 -22.1166424
CAFL 41.018107200 -121.431572889 998.4992107
CAFM 41.017873186 -121.431085140 996.4300316
CAMI 48.215347583 -122.478632787 10.9674636
CAMS 41.314206276 -122.314359192 1068.5514427
CATH 46.197302668 -123.367270802 56.3635389
CBLV 47.614190837 -122.191482510 45.7416995
CBRV 50.001501870 -125.246870039 90.6115202
CHCM 48.010617752 -122.775867102 20.4225422
CHEM 43.224360940 -121.785832788 1439.9693967
CHLW 49.143516474 -121.995218364 1.6740223
CHST 46.612197492 -122.909574346 58.0944854
CHW2 49.152931052 -121.953834771 -0.2636960
CHWK 49.156608030 -122.008427046 173.9880889
CHZZ 45.486515202 -123.978123583 50.7333171
CIHL 43.750906343 -121.148683464 1945.5458778
CLCV 42.975999887 -122.089393384 1873.8165790
CLHQ 42.895877684 -122.135997046 1952.4687642
CLMS 42.922935605 -122.016297760 2705.2860718
CLRS 48.820304264 -124.130884816 175.6345114
CLWZ 42.934252269 -122.149158426 1869.8370454
CMBR 50.053361118 -125.326401778 170.1979470
CME5 40.441773926 -124.396334452 305.7299662
CME6 40.441406208 -124.396329642 304.0719997
CNCR 48.538706434 -121.749301320 55.7974876
COAN 47.483944967 -122.174985452 86.9036303
CORV 44.585535349 -123.304604509 105.6043706
COT3 49.102467078 -122.690647085 1.9849050
COU2 49.689517225 -124.995614119 7.3787531
COUG 46.059216377 -122.260774218 151.3853486
COUP 48.217311045 -122.685604834 21.0360443
COUR 49.689556372 -124.995632061 7.3276199
CPCO 43.722100717 -121.233155872 2117.9492391
CPRV 50.028532669 -125.268971321 3.1545401
CPXF 46.840085217 -122.256518982 533.6062304
CPXX 46.840085232 -122.256518869 533.6090536
CRBN 47.081875895 -122.053508594 344.3602797
CROK 46.274599853 -122.912542721 1.0792001
CSHQ 46.870726695 -121.732432219 2882.3516633
CSHR 46.870718760 -121.732422180 2881.9399478
CSKI 47.380571509 -122.235801267 10.2137686
CTPT 42.376693930 -122.893958817 370.5656313
CULM 47.975412676 -121.686864392 437.1930535
CUSH 47.423344093 -123.219924034 217.1976219
CVO1 45.610920464 -122.496132465 66.6594998
CWAK 49.152931370 -121.953834080 -0.2283247
DCSO 43.211008674 -123.341513653 136.8074697
DDSN 43.118790921 -123.244241568 953.0876865
DEA2 48.752737802 -122.480034178 6.6534565
DEEJ 47.468836425 -123.926143588 103.6048175
DLTA 49.133530668 -123.015324771 -7.4556525
DWH1 47.774103950 -122.080155901 109.0947700
ELIZ 49.873053362 -127.122664089 164.6825002
ELSR 47.497604361 -122.760584253 115.2245286
ENUM 47.206207108 -121.955583983 227.0828932
EUCH 44.834741181 -123.870811628 721.9084558
FRFX 47.007695510 -121.959895132 939.0870752
FRID 48.535223964 -123.018113052 11.3884734
FSRH 49.138009534 -122.287672380 30.7487081
FTS5 46.204887536 -123.956094585 -13.7124209
FTS6 46.205162761 -123.956012144 -13.5024280
GBN1 44.564578048 -121.439286546 864.9025579
GBN2 44.559240795 -121.565284402 1270.7103191
GBN3 44.548397508 -121.712580516 1143.5687168
GBN4 44.568049096 -122.102143929 1342.4846414
GBN5 44.602144864 -122.236024459 1329.3777345
GBN6 44.424866691 -121.422866285 823.6670054
GHCC 46.952586407 -123.802061375 32.3580312
GHCL 46.952524853 -123.801894875 36.7717799
GLDR 49.681485495 -126.127331934 -9.3548161
GLNW 46.019872982 -121.288734222 567.1894501
GLWD 46.019828332 -121.288607916 561.0038236
GRMD 46.795486018 -123.022597573 30.7860815
GRP4 48.194667851 -122.127286296 22.1681895
GTPS 42.434494011 -123.297379870 278.5985890
GWN5 45.782632873 -121.327562645 732.5408459
GWN6 45.782628152 -121.327254467 733.2459743
HAHD 47.290800632 -121.788083905 853.9850405
HCRO 40.815917334 -121.469898745 1000.1398619
HGP1 47.019293830 -122.921056582 99.6412793
HLSY 44.377564685 -123.109118273 71.9081816
HOLB 50.640353746 -128.134996932 559.5990253
HUSB 44.119526303 -121.849361486 2038.3981895
IWAC 46.305881494 -124.039429968 -14.1741709
JIME 45.523118877 -122.990528503 53.0456285
JKPR 46.535022252 -122.837938182 148.6503787
JOBO 48.562370441 -122.437300277 -11.5256011
JORD 48.433063540 -124.053857357 88.7658530
JRO1 46.275124507 -122.217615864 1275.5931682
KELS 46.118177477 -122.896069109 -15.9383858
KFRC 42.224171200 -121.783880581 1240.1883528
KNTP 47.425111059 -122.257608332 -6.5173087
KRMT 47.802875803 -122.320989919 84.2874875
KTBW 47.547319611 -122.795417868 491.5606104
KWBU 43.752384377 -121.312003985 1762.5611213
LAN2 49.100485960 -122.685033446 -1.1053088
LAPN 43.664601123 -121.506004581 1278.9357122
LCSO 44.634351391 -123.106665383 59.0922473
LFLO 43.983605611 -124.107708584 -6.4002737
LINL 44.178587624 -121.902665683 1213.4404022
LKCP 47.944379629 -121.830852755 178.2649999
LNG2 49.058050360 -122.703289922 36.0621382
LNGB 47.218785710 -122.758315504 2.4359448
LPSB 44.051228557 -123.090085508 117.7010683
LSIG 47.695201067 -121.689564813 527.1995496
LSON 45.359532538 -121.647227934 1999.4342887
LWCK 46.278132944 -124.053846231 39.0512337
MCSO 44.973810697 -122.955749152 52.7953414
MDMT 42.418341659 -121.221599383 1710.5802488
MDRS 44.664029861 -121.130418998 735.9183767
MECR 44.085250254 -121.825167155 1812.6422839
MGRB 48.999694529 -124.697079759 1289.2583736
MHTL 45.328669217 -121.711161852 1750.3161953
MIS1 49.159235022 -122.287611992 132.5494062
MKAH 48.370674327 -124.589224023 23.6505910
MON3 46.982854694 -123.603556779 8.0299579
MPRG 49.210816360 -122.660693677 -6.0413105
MRIB 49.467016475 -123.914076608 -7.7586050
MRSD 46.785345173 -121.742039322 1629.7355941
MUIR 46.835633180 -121.733159776 3067.7375541
MYRA 49.550975817 -125.570725288 605.7772988
MZNT 45.701528094 -123.930860863 -12.4822876
NAJF 44.716681524 -123.268258845 96.2741800
NANA 49.163829874 -123.938138382 15.8555216
NANI 49.107224436 -123.896752213 54.6131873
NANO 49.294810454 -124.086479160 6.5811745
NCOW 48.823915379 -123.719880554 31.1378266
NCS2 50.403052359 -126.055877850 1285.6772686
NEAH 48.297854889 -124.624906942 459.8591675
NEWP 44.585024726 -124.061886586 20.4443063
NINT 47.495097742 -121.797084561 127.3213684
NORM 43.738875487 -121.252721096 2161.3829642
NOSE 43.911902560 -123.738723357 848.9981610
NTKA 49.592363140 -126.616611314 -1.5568254
NVAN 49.322253579 -123.106910090 -2.7921358
NVCR 49.304169631 -123.008733486 -5.0801804
NWBG 45.300051836 -122.975530795 42.5859916
NWE3 49.200245902 -122.941676764 1.7377855
OAKR 43.738338541 -122.444565899 375.9019785
OBEC 44.065964964 -123.098149263 111.8619917
OBSR 46.899797846 -121.815365584 2363.1385770
OCEN 46.952371203 -124.159714368 -17.3667229
ODOT 44.896661219 -123.000807517 51.2200753
OLAR 46.961195220 -122.908465585 41.0764862
OLMP 47.044846922 -122.895218709 2.6209248
ONAB 44.514522183 -124.074516331 17.5281942
ORBD 44.094975863 -121.301614763 1063.9279079
ORBN 44.094337989 -121.301886478 1060.3233334
ORCP 42.380541308 -122.883206649 380.9616620
ORDN 45.234004229 -122.815905657 43.3525788
ORDO 45.234129426 -122.815946630 45.6388121
ORE4 44.063388398 -123.179263971 105.1942956
OREU 44.045046873 -123.161907475 105.7874396
ORFL 43.986414845 -124.111314977 -3.5928012
ORG1 45.497847935 -122.416048995 95.3268570
ORGR 45.497642912 -122.415918347 97.6549049
ORHA 44.289836046 -123.154435209 77.4030823
ORHB 45.519110490 -123.025298189 43.0944043
ORHI 45.519086878 -123.025309543 42.9550210
ORK5 42.288814581 -121.669332839 1258.4599345
ORK6 42.288810908 -121.669655009 1258.4299870
ORKF 42.143381699 -121.808647824 1234.5805733
ORM1 44.601564611 -121.140984096 715.9017213
ORME 42.028529984 -121.613425218 1224.8269390
ORMF 42.379887057 -122.884476124 379.7348141
ORMO 45.154492251 -122.602037763 80.7954600
ORMV 45.187896355 -123.209088200 30.5402793
ORNW 44.674847491 -124.061151703 18.6834139
OROR 43.746379523 -122.485270477 327.3094629
ORPO 45.506986471 -122.672772044 25.9457695
ORPT 45.578829190 -122.649979662 -2.9692791
ORRB 43.298383711 -123.349221150 140.0489133
ORRD 44.269804033 -121.179928240 903.2590875
ORSB 44.625272365 -124.048839369 -10.9651119
ORSH 44.397658259 -122.727591027 150.1749536
ORSL 44.972985943 -122.955329295 46.1247325
ORSM 44.972912363 -122.955391065 46.5244133
ORTA 44.558349667 -123.111084238 60.6577454
ORTI 45.485585297 -123.846202289 -9.6040972
ORTN 44.560367465 -123.116575109 57.6869162
ORUG 44.118496400 -123.176274148 97.5087743
OTIS 48.417840463 -122.336571519 6.3689155
OYLR 47.474610720 -122.204755987 23.9613612
P058 40.876305662 -124.075369580 21.4018430
P060 40.997632330 -122.414884054 430.8108989
P061 42.967377998 -124.014014869 162.7554540
P062 43.112387101 -121.090713663 1350.2654630
P064 47.969846290 -123.487705126 1570.7160085
P154 41.807082586 -123.360050167 319.8855551
P155 41.272434819 -123.188786101 1784.0810278
P156 40.024442034 -123.906116232 488.9937041
P157 40.247545906 -124.308072818 695.8140098
P158 40.422489785 -124.107207512 873.6958565
P159 40.504786341 -124.282781929 608.2155777
P160 40.551251587 -124.133270958 94.2221799
P161 40.637362687 -124.213085708 32.4299431
P162 40.691094163 -124.237036527 -6.4408164
P163 40.219570985 -124.057289127 425.2431220
P164 40.119256013 -123.693339266 1148.3163987
P165 40.245548470 -123.853264214 545.6438795
P166 40.435183020 -123.862827951 665.2678286
P167 40.543704110 -123.880177032 1021.1437426
P168 40.668637315 -123.881459799 1093.4480273
P169 40.791144494 -123.967652439 689.3881885
P170 40.880232477 -123.863280815 918.1200552
P179 42.098971786 -123.685571147 402.1844683
P191 42.275355724 -123.632263020 371.3787170
P316 41.559132969 -124.086143923 234.9722710
P324 40.256837615 -123.655736875 509.3622523
P325 41.151669979 -123.882606587 914.4937231
P326 40.575313860 -123.698930088 1261.6675451
P327 40.478860344 -123.573064150 710.0132311
P329 40.082214292 -123.452045767 1034.6240306
P330 40.324068862 -123.135581508 1653.0023722
P331 40.732914311 -123.324142637 1541.9717422
P332 40.546650340 -123.174503830 684.5017279
P337 40.296188876 -122.868804452 1193.3124044
P338 40.747552991 -122.923028330 672.2280020
P339 40.034110600 -122.668249575 979.5615729
P341 40.650656231 -122.606899854 406.8370122
P343 40.887128079 -123.334210125 1617.4514583
P345 40.271234438 -122.270805988 134.0938736
P348 40.905545797 -121.828002815 1668.0786179
P349 40.731085459 -122.319350817 275.4100811
P362 42.209103849 -124.225788354 1012.3735317
P363 42.860063658 -124.054048353 70.3788769
P364 43.090327755 -124.409290146 6.4159812
P365 43.395518225 -124.253482513 27.0978530
P366 43.614310593 -123.979593800 529.0817766
P367 44.585246292 -124.061571085 22.9121087
P368 42.503524566 -123.383419972 319.4391445
P369 43.140104991 -123.429459776 190.0207898
P370 42.190987010 -122.656371175 555.0537919
P371 43.363273649 -123.057899231 1198.0494044
P373 43.622519102 -123.333274438 169.9254494
P374 44.381925787 -123.590640137 73.2216593
P375 44.689254505 -123.426986834 99.2055814
P376 44.941202886 -123.102266112 180.8464707
P377 44.052118724 -122.887057938 142.3899612
P378 44.534982410 -122.930881440 83.1026163
P379 44.496504806 -122.577043871 1221.7758229
P380 42.259670422 -121.779697331 1390.8447237
P382 43.177056638 -121.769573889 1453.2244534
P383 44.342184517 -122.217220302 1295.5985193
P384 44.841130536 -122.482818396 1182.5624113
P385 44.434848331 -121.945833824 1120.7989355
P387 44.296756165 -121.574476898 962.5963158
P395 45.022279225 -123.857526944 53.0487497
P396 45.309513301 -123.822895403 54.5503524
P397 46.421619039 -123.799160826 566.3016180
P398 46.925784746 -123.916144767 23.4856957
P399 47.433919655 -123.612961040 919.4157381
P400 47.513348460 -123.812450795 64.9669442
P401 47.937187744 -124.557019610 36.2036118
P402 47.766221209 -124.305897460 23.7217671
P403 48.062321873 -124.140875158 284.6511348
P404 45.158533809 -123.390327920 79.0261732
P405 45.629326973 -123.643757115 955.6500824
P406 45.190372355 -123.152256706 27.2763091
P407 45.954649371 -123.931006014 -13.1225236
P408 46.200501798 -123.376586522 35.2731655
P409 45.851293681 -123.239477487 177.2742821
P410 46.111141549 -123.078605559 173.1244620
P411 45.537992880 -123.157417058 83.3636545
P412 45.221105850 -122.589101187 53.2042613
P414 45.834868574 -122.692837443 63.8251917
P415 46.655990796 -123.729865660 -15.4064251
P416 47.039942006 -121.596928466 1576.5251309
P417 46.574737874 -123.297929752 102.4760065
P418 47.236645115 -123.407813448 115.1465696
P419 47.409298533 -123.366526467 935.9719003
P420 46.588602180 -122.866331539 74.1152415
P421 46.531856052 -122.429229083 220.5829506
P423 47.287903558 -122.941210130 39.9341306
P424 47.823183787 -122.874712631 -1.5935504
P425 46.452693824 -122.845399059 64.2719680
P426 47.802724725 -122.514585308 3.3568743
P427 45.430178732 -122.340631048 149.1873123
P428 45.344560083 -121.672713198 1983.9149287
P429 45.676127831 -121.877359968 25.5443567
P430 47.003844149 -123.436222262 -4.3827676
P431 46.572081572 -121.988452877 1422.7113493
P432 46.622855874 -121.683229552 318.8861751
P434 47.740202473 -121.075608748 1698.0292320
P435 48.059549048 -123.503278651 287.3175166
P436 48.045302536 -123.134348069 190.8622425
P437 48.001809435 -122.459157577 12.4674140
P438 48.419147954 -122.670262872 -9.8989340
P439 48.708192550 -122.909303412 -13.8719842
P440 48.856193424 -122.493341054 6.3293470
P441 48.915978697 -122.139642079 115.1960379
P442 48.260480084 -121.615549630 146.8834987
P443 48.509647657 -121.285556906 1062.1043928
P444 48.730219285 -121.067547715 493.8770832
P446 46.115662233 -122.892787813 -16.4567314
P655 41.294485854 -122.206321668 1542.5169105
P656 41.344838929 -122.195837621 2398.6135545
P657 41.381239204 -122.293848294 1684.4329173
P658 41.479176896 -122.190911948 1915.1903776
P659 41.453733431 -122.092663384 1791.0877522
P660 41.409591405 -122.067677699 1587.1831858
P661 41.463597954 -122.312670453 1324.1832694
P663 41.531939673 -122.152922587 2238.0040754
P664 40.473195953 -121.495904699 2569.1277496
P665 40.456127929 -121.525754540 2326.7990343
P666 40.465345476 -121.514509352 2471.5425635
P667 40.465826738 -121.467440047 2334.0602693
P668 40.508993910 -121.463076720 1982.4976758
P669 40.492124472 -121.603786379 1842.9328527
P670 40.539905312 -121.577196313 1731.7483166
P671 40.409140995 -121.428208266 1958.7918091
P672 41.711570118 -121.506937654 1435.1143572
P673 41.585823253 -121.613014706 2017.9044958
P674 41.616322401 -121.489985610 1897.2379857
P687 46.109572279 -122.354639015 391.0505507
P688 46.030121441 -122.164160946 1165.7357032
P689 46.189553469 -122.360619906 1359.4523631
P690 46.179988971 -122.189869157 2078.8982453
P691 46.231483690 -122.226964570 1182.8858140
P692 46.224498541 -122.184208026 1491.8727093
P693 46.210321706 -122.202347970 2113.0160190
P694 46.299629437 -122.181931127 1725.6776006
P695 46.198987467 -122.164213375 2015.6739170
P696 46.196881148 -122.151635920 1600.0181191
P697 46.187642593 -122.176609097 2214.5991229
P698 46.173465817 -122.160611427 1479.3981974
P699 46.189783957 -122.203225644 2274.1058362
P700 46.178134981 -122.217365604 1521.6649406
P701 46.194624738 -122.133351951 1247.4353635
P702 46.300161458 -122.345647741 1305.7104169
P703 46.145258262 -122.196191378 988.4033535
P705 46.172958521 -122.310593796 1150.8787846
P732 43.392499154 -123.891370267 582.0857814
P733 42.442015577 -124.413297481 184.5419171
P734 42.076634710 -124.293256700 113.3158972
P735 42.691609761 -123.230999019 1577.6743652
P736 42.579830048 -121.880128004 1259.5669020
P737 42.727141875 -122.609635713 1245.7573760
P784 41.830815703 -122.420456146 802.2393934
P786 41.845484521 -123.980789822 83.9506868
P791 45.344530715 -121.672683874 1985.1872923
P792 46.244630688 -122.136901990 1246.8877582
P793 40.478753393 -123.573130072 709.8619107
P815 47.937187508 -124.557152723 36.2138081
P816 47.937110179 -124.557087814 35.7573047
P820 42.861851402 -124.053945997 68.8330464
P821 43.144550657 -123.428987071 252.2613883
PABH 47.212799504 -124.204581950 12.8935205
PCOL 47.172056734 -122.570805933 79.1406546
PCS2 44.919077894 -123.327840880 95.4612298
PDXA 45.596872977 -122.609233022 -4.9794563
PDXB 45.566488771 -122.581535282 -2.2751004
PER1 47.981663774 -122.208139020 66.4111357
PFLD 47.898506926 -122.282182488 160.3019606
PGC5 48.648532919 -123.451128471 3.5834494
PKDL 45.518303097 -121.563680015 511.7464234
PKWD 46.599797663 -121.676980969 306.6851450
PMAR 43.990672660 -121.686747569 2347.7947731
PNCL 48.101460495 -123.415257780 89.3303026
PNHG 46.859079243 -121.642631554 2092.0697894
PNHR 46.858952320 -121.642611685 2092.4368607
PNNL 48.079279057 -123.045116371 -15.8678424
POTH 44.096877877 -122.039815718 1408.7333324
POUL 47.754678934 -122.667225606 73.1136805
PRDY 47.391362399 -122.609461006 82.5122593
PSEA 47.451388695 -122.320207128 93.8506596
PSPT 42.754844698 -122.489505940 773.3038066
PTAA 48.116829349 -123.494361141 66.8343913
PTAL 49.256329325 -124.860955583 92.7470891
PTRF 48.544268360 -124.413059029 172.8141988
PTSG 41.782741093 -124.255199174 -10.2243031
PUPU 47.499559295 -122.008080466 542.4050075
PYLP 47.191587075 -122.259813036 2.1698375
QUAD 50.132494793 -125.330830824 -7.4874128
QUL2 49.345929814 -124.443000560 55.0053272
RDL2 42.954458967 -123.362218531 198.7910985
RDNG 40.625332374 -122.373877878 195.0023129
REDM 44.259767657 -121.147880163 919.8658614
REED 43.701007059 -124.107798148 -14.2019836
RMDB 44.259767011 -121.147881603 919.9397886
ROKY 47.019640210 -122.346161912 128.3701341
RPT5 47.387506277 -122.374766758 -9.7347917
RPT6 47.387203872 -122.375007209 -9.7012182
RSBG 43.235017446 -123.359385812 135.2410195
RYMD 46.684129755 -123.730412096 -10.4870885
SAC4 48.566674095 -123.420743472 49.7995389
SAMM 47.539863142 -122.033172972 7.0095640
SATS 46.965654115 -123.541227431 -7.7080251
SC02 48.546194747 -123.007610510 -15.0490625
SC03 47.816587011 -123.705737883 2018.4801012
SC04 48.923163912 -123.704129376 14.8303266
SCMV 48.417853248 -122.337203711 5.3231551
SEAI 47.687005034 -122.256302276 -3.8686159
SEAS 45.984225501 -123.922422901 -12.0488875
SEAT 47.653976964 -122.309475895 44.2109860
SEDK 48.504162011 -122.238928886 3.2745572
SEDR 48.521557812 -122.223847794 29.8106114
SEPR 46.200328259 -122.191048795 2100.6652486
SEQM 48.091415628 -123.113543652 34.7006633
SHLT 47.215950486 -123.111361344 -6.3511139
SHPB 49.347507018 -126.259856394 5.7243974
SHRK 45.464314375 -121.528766692 1319.5165584
SKCO 45.694246133 -121.883961535 42.6133531
SKGT 48.433435525 -122.342470247 -6.7275255
SKMA 45.694244206 -121.883960529 43.1083013
SMAI 47.523571948 -122.345058123 113.4422790
SNOQ 47.391309616 -121.388281215 770.0720601
SNRS 46.914613952 -121.643601609 1938.3747977
SQAW 44.192443404 -121.650488027 1406.9649760
SQIM 48.082403159 -123.102043150 34.9915254
SQMS 49.725217587 -123.141737405 0.9226199
SSHO 47.682299818 -122.315164926 74.1127551
STA7 46.850811003 -121.793878264 3357.8895959
STAY 44.830707524 -122.820859384 110.8706976
STHM 44.396181299 -122.734228138 144.7584016
SUHS 42.986908861 -123.328826346 180.3223819
SUR6 49.074186283 -122.691903508 24.7646429
SURR 49.174649190 -122.695077091 13.0553705
SVI2 43.643062835 -121.253276785 1751.3537351
SWNB 43.672737234 -121.355445339 1550.3545373
SYNC 44.023854389 -121.776679932 1649.4287036
TACO 47.228867216 -122.471507721 81.0038756
TAHB 49.892992683 -126.677603026 453.7520129
TDLS 45.607711002 -121.129506669 26.5164158
TFNO 49.154142857 -125.907839042 -3.9141747
TGAU 46.219196021 -122.192333999 1618.3087357
TGUA 46.219195075 -122.192331023 1618.3028117
THAR 46.275251347 -122.174034904 1430.5927364
THRM 44.089800176 -121.619567213 2166.5527024
THUN 47.105840728 -122.288465496 142.5143515
TILL 45.455129417 -123.830767541 -4.6078578
TMBU 43.601840441 -121.144568474 1721.1847060
TPW2 46.207372758 -123.768363697 -14.9727255
TRND 41.053885959 -124.150866733 78.1823966
TSEP 46.200013453 -122.190680925 2104.6765277
TSTU 46.236867575 -122.224064303 1248.6604177
TUMW 46.984300745 -122.912161499 46.0825784
TWHL 47.015905460 -122.922875570 107.2744388
TWIW 46.212915550 -122.158732435 1630.5642461
TWRI 46.197901896 -122.211924394 2071.0542218
UCLU 48.925637606 -125.541640830 10.0779692
UFDA 47.755009362 -122.667416405 76.6373029
V081 47.604099282 -122.338500788 -0.4962369
V096 47.601636097 -122.336248210 -0.6225638
V102 47.600585160 -122.335720002 -1.0283043
VCWA 45.617627183 -122.516072054 77.0316679
VIC1 48.453439732 -123.542542708 63.0874134
VNCR 49.266028581 -123.098497901 10.6861786
WACS 46.675429323 -122.970012186 39.3590154
WAEN 47.203314204 -121.985366993 212.7144456
WAEV 47.981495142 -122.208092190 66.6239221
WAFD 48.828435763 -122.555082558 7.3349685
WAFH 48.532697183 -123.018649711 10.1616454
WAFR 48.530641760 -123.027170181 32.6928633
WAK2 46.112725641 -122.889709648 -7.2806134
WAKI 47.708755122 -122.187489991 43.6330362
WAKL 46.113487471 -122.889470124 -10.7264615
WAM1 48.384298509 -122.332988489 -9.6957268
WAMC 45.223829778 -121.273631582 528.1196220
WAMO 46.554667925 -122.273677321 273.3881660
WAMS 46.977580901 -123.602375593 -9.0475824
WAMV 48.384461332 -122.333060918 -11.8135548
WAOL 47.046479763 -122.843766455 45.4067917
WAOY 47.047904946 -122.838917632 48.2771093
WAPO 47.803480194 -122.569174392 19.7706778
WAPS 47.451198067 -122.320806064 94.9344462
WARM 47.680662928 -122.136657311 -7.4080504
WASQ 47.526647023 -121.826152761 115.8130104
WAT4 47.240009629 -122.380776797 -11.1343549
WDBN 45.170864146 -122.870053066 39.8190751
WDCB 40.580100029 -122.540650368 259.6476462
WEBG 45.779576465 -122.562823024 66.6161625
WEEZ 47.976884068 -122.204729631 65.2224601
WHBR 44.163173439 -121.978603318 688.3287866
WHD5 48.312715742 -122.696143711 13.9985237
WHD6 48.312442314 -122.696144201 10.7934646
WIF3 44.059630907 -121.817577352 1947.3800492
WIFC 44.059642044 -121.817563388 1949.5881319
WIFR 44.059678382 -121.817579502 1951.5454348
WMSG 45.131264474 -121.597275406 1048.0475088
WOSB 50.160742464 -126.570362847 945.2828013
WOST 50.212360961 -126.604953064 136.6377145
WSLB 50.126538685 -122.921191071 909.4062495
WVN3 49.351720682 -123.251051541 161.5340234
YACH 44.292955389 -124.080436299 418.3194462
YBH2 41.731654696 -122.710738700 1065.8026949
YBHB 41.731655400 -122.710735727 1065.6825444
YCS2 46.941248771 -122.590563226 91.4266957
YELM 46.948716942 -122.605734967 81.9933915
YOCR 45.379101968 -121.743553171 1884.2695266
YONC 43.634111315 -123.298300868 86.4919472
ZSE1 47.286993662 -122.188372072 82.0649443
